3.132410365874198077e-01 1.386832593339581456e-02
-2.560548607754591921e-01 1.664395445028878096e-02
2.494651422881447034e-01 2.761063334502726965e-02
-2.431970883918046500e-01 3.051732997960718632e-02
2.831551859721914699e-01 2.756980023994895501e-02
-3.047838246322686073e-01 1.498965167988331078e-02
3.021325458555735866e-01 1.690144084667820346e-02
-3.118945529436073505e-01 1.582814163077203226e-02
-1.020301568148506699e-01 3.062715692211353744e-02
8.279666009875183419e-02 2.822344680010761483e-02
-8.615735201994639825e-02 1.382710754053923657e-02
8.134081872651388601e-02 2.467363422163658393e-02
-5.159782910478180606e-02 2.269479387516346383e-02
3.617256064510354641e-02 3.020425630839959977e-02
-4.978976391945116875e-02 2.990679128086532260e-02
1.145806292861231424e-01 2.061007694560934231e-02
-6.439570791669357863e-02 2.540044732303976469e-02
6.557215941528185543e-02 2.221774158580205882e-02
-3.381818992732149587e-02 2.286504912156001393e-02
6.076350508496400349e-02 1.823308576296665817e-02
-6.604225478715058939e-02 1.485867971481684945e-02
6.888143563074794473e-02 2.583364903461054726e-02
-3.525226151525784335e-02 2.050689877623892293e-02
1.523324173234449908e-02 2.663824245061247389e-02
1.993633493112770827e-01 2.131279319008940257e-02
-1.856374134827847300e-01 1.377398607984886732e-02
1.580544962435216916e-01 2.217827538178075708e-02
-1.498178105084583267e-01 1.167385365079324534e-02
1.584596455646631319e-01 1.962712114994607723e-02
-8.036978296495919660e-02 3.241387641574130368e-02
1.772908432955921654e-01 1.496055962015404965e-02
-1.398693524871145177e-01 2.464495671297453269e-02
-1.806083445325257220e-01 1.726886691437941324e-02
1.703153580277554646e-01 1.360532695213937521e-02
-1.012791814150418301e-01 2.440827882731319218e-02
1.292937130928229483e-01 2.283426295153300270e-02
-9.808366785186778403e-02 3.537110723687618419e-02
1.434685231898921720e-01 1.617950364002041300e-02
-1.656978568558505893e-01 1.282099101465444986e-02
8.780391309604348993e-02 3.711777303682805423e-02
3.239798910155078371e-03 3.028073633711917192e-02
-8.147948714419558924e-02 2.011952476563073564e-02
5.367037263489829457e-02 2.521950480772466516e-02
-3.872093735673076687e-02 1.850620675870553664e-02
6.009895703985662641e-03 1.850710515431478256e-02
-3.376353570667767201e-02 2.479860664438882437e-02
1.644036690998768035e-02 2.242416877719131951e-02
-8.200729904258147185e-02 2.147848444786698216e-02
6.090090198472541960e-02 1.580207281690007223e-02
-3.360917168090576945e-02 1.570582507715291565e-02
6.649236604830671693e-02 3.506810102283860336e-02
-5.383650477279267044e-02 1.899937269948538329e-02
7.102528514658024150e-02 3.141321163389099863e-02
-9.086924220462352930e-02 2.652703777221500359e-02
5.945612856788098921e-02 1.799258913552065700e-02
-3.262064561941890872e-02 2.438801529206585314e-02
-1.224578136052164590e-01 2.025157042624902565e-02
1.007944197455003521e-01 2.244237871513437080e-02
-1.151918531540129798e-01 1.919924756173320077e-02
1.251845264461079466e-01 1.116196113168845157e-02
-1.399332767705986635e-01 1.793542095815637075e-02
1.237238147092666329e-01 1.872645318835896786e-02
-1.422928729097738543e-01 2.092859660126880628e-02
1.230614635385819389e-01 1.964197885927234863e-02
9.114183454193539036e-02 2.789229895919164912e-02
-1.198918557076474878e-01 2.334405833593799703e-02
1.035175246232804269e-01 2.389359475318135126e-02
-7.117856273494407859e-02 1.861574432090958367e-02
1.423298302306923169e-01 8.631527389037078543e-03
-6.628000368865916148e-02 3.297250719872760888e-02
1.925162131273763788e-02 1.618522269936656724e-02
-1.516267114333008370e-01 1.170092180653442560e-02
-7.730564467310241383e-02 2.668618645762449101e-02
4.402573068009360546e-02 3.437319641421595490e-02
-9.381539061445842709e-03 3.209284668752557940e-02
1.098272310832250909e-01 2.033407646648517295e-02
-7.057227508697930252e-02 1.817156813019230738e-02
1.484979217427806475e-02 2.380190054923067566e-02
-4.695106254702227644e-02 3.175338138945541649e-02
4.986745765169312006e-02 3.235808443421104436e-02
-6.562185565207376281e-02 1.944905925949997824e-02
3.405552131644967728e-02 2.234075090916705017e-02
2.434851838501891907e-02 3.065994742801661857e-02
1.703978502234332337e-03 3.035198968809687745e-02
-6.293140940664970762e-02 1.305265613728126550e-02
-1.334810833186525492e-02 2.174105963122432636e-02
-4.161114718745984042e-02 1.746196395838574972e-02
6.296197706266679073e-02 2.787364581022855684e-02
1.301033625302928931e-01 2.018339725743463833e-02
-8.201604092158357173e-02 2.848090647526270447e-02
8.970740156279280453e-02 2.887096584482161388e-02
-1.146029785331066919e-01 2.789658042112170763e-02
9.281073716411009089e-02 1.909291157349833276e-02
-1.276249514505121418e-01 2.172639889931194876e-02
1.335185147853341359e-01 1.922024986257321946e-02
-1.064709388751184926e-01 1.506198221477079817e-02
-6.558609779428473119e-02 2.559550970687352392e-02
7.034479799146650669e-02 3.948919820526131802e-02
-1.382818226044810195e-02 2.591294463955638727e-02
1.180672579311171089e-01 2.063900019384162787e-02
-1.195083372450329307e-01 2.249176768167302984e-02
1.143101577525210966e-01 1.957231627903014207e-02
-1.496646586804272483e-01 2.596933249952328507e-02
1.046494725377682677e-01 1.758923720107847741e-02
5.162446138247131500e-02 2.369654455323047526e-02
2.417512842805916162e-02 2.481560858621910046e-02
-1.202635300243343197e-02 2.739266702568922407e-02
-4.841178986922189953e-02 2.147098776416286534e-02
5.425494817039550055e-03 1.340811368271446063e-02
-1.632745515594652419e-02 1.891593425804620823e-02
3.635705414053175266e-02 1.619590756902010778e-02
-6.092505996985567163e-02 2.625137996384821829e-02
8.656073267434943874e-02 2.718239141842644993e-02
-2.192094495918867070e-03 1.413825566233452985e-02
3.574303899918038208e-02 1.688296809654870820e-02
-1.506420206021200081e-02 1.974014194961383126e-02
4.690643114941259184e-02 1.364359755884898655e-02
-7.029017989159996871e-02 2.731154623032360299e-02
5.936761632408954492e-02 2.406700375196616296e-02
-7.154371765505695979e-02 2.242134989727407809e-02
-1.272785835312772174e-01 2.888196939094651514e-02
7.869068143256410797e-02 1.930667324489320283e-02
-1.430913477796120770e-01 1.831458414964690778e-02
1.578615275045106014e-01 2.178849714771298463e-02
-1.555543200743117471e-01 2.406504533088898654e-02
1.522286205648344659e-01 1.542557659522367230e-02
-1.450593571018222450e-01 1.805308350104342305e-02
1.476154029123604716e-01 1.843268444673843917e-02
1.154356467854374957e-01 2.798315174972379471e-02
-1.536395703870636342e-01 2.407908504965952309e-02
1.454170132886516142e-01 3.136367172378863588e-02
-1.217565723070198891e-01 3.323381723934972637e-02
7.114749066822548262e-02 2.277453406659468715e-02
-8.933117236950485762e-02 2.668474707688265127e-02
1.444420500818990316e-01 1.214436853396003851e-02
-7.524732091218425123e-02 1.573804238167200373e-02
-3.551640243582529499e-02 3.491704901012567669e-02
6.855570411076286619e-02 1.626421217716884915e-02
-8.128018573282649872e-02 3.429145066806713743e-02
4.971328974303335091e-02 3.338361106470427719e-02
-4.059684518087333660e-02 2.476801661786602604e-02
2.510536740260729816e-02 2.050170504196786522e-02
-5.947434864840839275e-04 2.168653955434452288e-02
5.659990292587002703e-02 1.226822100426525931e-02
-6.105427703058755040e-02 2.499429011006625359e-02
4.711818327223080138e-02 2.402406714843255409e-02
-4.077702988277898122e-02 2.215125915860846964e-02
2.431516222619478640e-02 2.917895508597516396e-02
-6.725629934193197434e-02 1.601882123197696448e-02
6.108302227211204194e-03 3.074932893559855981e-02
-5.563700377417346576e-02 2.227724068745576269e-02
3.242936711857469234e-02 2.054341376311713541e-02
7.715990838159544896e-02 9.913540603203343377e-03
-1.272784090103781518e-01 1.388318303006773856e-02
8.936876240009575256e-02 4.301827311348706967e-02
-1.051496372471787399e-01 2.722109812498755069e-02
1.140182977827692012e-01 1.492488100077111850e-02
-1.609686009278293861e-01 1.180551194531565679e-02
1.422136874217971025e-01 2.265619047553274826e-02
-9.910529629628953008e-02 1.899459638929222247e-02
-9.970773917404135434e-02 3.202246385862403399e-02
9.018627118124991626e-02 2.883082372903262094e-02
-1.195153762182835644e-01 2.476811772663234379e-02
9.618516755861269973e-02 1.597807848291267138e-02
-1.092667618606593116e-01 1.946819326283761101e-02
1.219874971088395210e-01 1.523687205651443576e-02
-1.201931773899346523e-01 1.992095292574388651e-02
1.099068047824459105e-01 1.509195237620147845e-02
9.115410074500035487e-03 2.955069003874439063e-02
-8.461395347876743411e-02 1.958239584692915772e-02
3.637693169985170560e-02 2.021208092766356434e-02
-2.582405045420432810e-02 2.615355978588998487e-02
-2.369566068380465906e-02 2.005906508889411868e-02
-4.054697726934827773e-02 2.685679665518861045e-02
2.959166017865549891e-02 3.176880463673590477e-02
-2.681723596654900232e-02 3.081213903075359639e-02
8.517884340344314409e-02 2.711762331352282618e-02
-8.725331937660096848e-02 2.516018589315261941e-02
1.825589576518146795e-02 1.915602926669428274e-02
-6.072804766688222333e-02 2.612343657551294274e-02
6.172011484687997540e-02 1.979595638780984670e-02
-2.673587554576517533e-02 1.915795788372545022e-02
2.966503038700962769e-02 1.821520982638622985e-02
3.907307928297956701e-02 2.337006819552675876e-02
-1.422117408559764318e-01 1.487330437309535534e-02
8.532573124562062294e-02 1.641819960125276076e-02
-2.543892145926993087e-02 2.367321387021086368e-02
8.647529658967439969e-02 3.127287980054085231e-02
-1.191829161935358816e-01 3.008499998930860495e-02
1.118498054383859075e-01 2.511713322422283803e-02
-1.030247946997335240e-01 2.154514705577453490e-02
8.394314772703051486e-02 2.011773923012537615e-02
1.476653377305661707e-01 2.013273445323577465e-02
-1.536449702029225040e-01 2.651543774439191550e-02
4.605334563335847231e-02 3.903063942083954269e-02
-7.845356800082156634e-02 1.632300162361194004e-02
1.121128421266140984e-01 1.910041105923768537e-02
-1.146889204205242541e-01 1.191104757239334205e-02
1.397001554675934842e-01 2.246681966721394627e-02
-1.066895660419137637e-01 1.548168274909033498e-02
-4.894437379840452240e-02 2.603410781734897053e-02
2.241675423591035776e-02 2.332935514100913446e-02
-3.348346509195065934e-02 2.819593733412651196e-02
5.846146257787371292e-02 1.706022441948808546e-02
-4.660207923253739670e-02 1.475473438761221862e-02
5.083005744887075794e-02 9.242455561862551391e-03
-4.814006987472393972e-02 2.592055571253559787e-02
4.819273919395331007e-02 1.678377788313748301e-02
-1.585812349785728492e-02 2.248129542358282343e-02
-1.725968401667901664e-02 2.778542963240048305e-02
-4.568569390661467167e-02 2.774102161939059896e-02
-4.441637771181172756e-04 1.443801564862002597e-02
1.458010119426728091e-03 2.678194376569918711e-02
1.338132229646224469e-02 2.037383133343939265e-02
-9.620279886727770013e-02 2.411409152284919519e-02
3.911673403724955089e-02 2.677770864137891602e-02
1.280805935746106572e-01 2.595519450762963365e-02
-8.576067541540660644e-02 2.161329699998108811e-02
1.256439416145531673e-01 1.948039704371055600e-02
-9.459828542556589226e-02 2.434660340940471637e-02
1.163590846366199527e-01 2.489755209949395809e-02
-9.775254530572222156e-02 2.020529862203005941e-02
5.526347561306022005e-02 3.329047425166017232e-02
-5.981126186333754480e-02 3.656759383794818546e-02
-1.115525798671855584e-01 3.137040152826642975e-02
1.452746716354089140e-01 1.173587615409612400e-02
-1.223214510197624116e-01 1.820193446206617646e-02
1.256750595473341003e-01 1.920042557171743394e-02
-1.161224159604059003e-01 1.552542252473909819e-02
1.161082195519044791e-01 2.186259700665233244e-02
-6.740624544007178809e-02 2.643807315429592963e-02
1.285604872224927753e-01 2.724640659441109058e-02
5.609461389507244822e-02 2.606808894922376871e-02
-8.537230232534762098e-02 2.832061129390534004e-02
8.017663114280057512e-02 2.528544533618022963e-02
-5.921927925928924252e-02 1.928739252807459489e-02
2.723993306213107202e-02 2.137996061212471891e-02
-8.681298543165921755e-02 2.155856348730890784e-02
5.873123889991183066e-02 2.504371111623071230e-02
-4.090416424466103429e-02 3.319248444541853665e-02
3.523392881025147472e-02 1.626976595399228995e-02
-6.936969154759545231e-02 2.652839070257786633e-02
5.890234974155258985e-02 2.660385168509811493e-02
-3.062130976143839778e-02 1.355231830985144381e-02
5.915906404389864592e-02 2.280522771520366795e-02
-6.022216289186227423e-02 2.418304778583486858e-02
2.489206761403878199e-03 2.297838432179256929e-02
3.617890632384659910e-02 2.524929184140610461e-02
-1.174078424508132878e-01 2.398690099041124110e-02
4.440365522076822336e-02 2.873907591411464443e-02
-8.897143051382261358e-02 1.711288322776140930e-02
9.818350234996242598e-02 2.437599550618289521e-02
-1.104060853740226611e-01 8.988083764521150390e-03
1.628007574141485114e-01 1.146264436813441111e-02
-9.597784171168025069e-02 1.536746131494510191e-02
9.589192745667862727e-02 1.642527544609219056e-02
1.124856969902716108e-01 2.775527595945250295e-02
-1.368825850846331904e-01 2.943647381933783835e-02
1.129073838839639576e-01 2.829904924093841131e-02
-1.125478335395250773e-01 2.407469729860824137e-02
9.524738256606193887e-02 1.919349751496509868e-02
-1.051041399713899538e-01 1.547781375875565378e-02
1.373280224814414641e-01 1.315147471247432413e-02
-9.078226888778409553e-02 3.686833942745424558e-02
-7.096808786720865125e-02 1.537296497577590737e-02
4.061307254313328841e-02 1.566130863701182055e-02
-3.656119241239816353e-02 3.183841516465140548e-02
1.359512940822997507e-01 2.262141075548931846e-02
2.526213061564142048e-03 1.759745943278831146e-02
2.842984069619200471e-02 2.553608733244792928e-02
-1.346791329915128510e-02 1.700395947737663380e-02
1.147062433537196502e-02 2.739800013761322858e-02
-3.665389668986343552e-02 1.574501523147723084e-02
2.297888022470020997e-02 1.804906823909704569e-02
-5.368125411377347445e-02 1.585067432925915676e-02
4.732348312261122625e-02 1.849694084417393553e-02
-1.494341107961791315e-02 2.757089264379544713e-02
3.693785737361848787e-02 2.800583662855914494e-02
-4.394884990386185852e-02 2.431754537507537298e-02
1.462372985117232904e-02 2.821818823002160415e-02
1.863770069687909481e-01 1.924744028038130952e-02
-1.498030773496846491e-01 2.504380200635440701e-02
1.623966104117598452e-01 1.525501402742598066e-02
-1.008872547103051298e-01 2.713599259635149016e-02
1.579537165884892791e-01 2.284223668504553606e-02
-8.870791421874238414e-02 2.157093065593663692e-02
1.173425863886206344e-01 2.520275917844714761e-02
-1.373199295479681226e-01 2.838774631669947757e-02
-1.756001053042899329e-01 1.643473054169291778e-02
1.428683371694915993e-01 2.315758303110962424e-02
-1.617922434280154864e-01 2.686594873771224953e-02
1.899962340984203135e-01 1.913459058447380609e-02
-1.271064556501162179e-01 2.241441092271499735e-02
1.561107378105622279e-01 2.400788095353091622e-02
-1.694472420323093198e-01 1.184471682564685463e-02
1.477395768694673428e-01 1.811581323873855467e-02
2.981102773161981023e-02 2.870357227620945820e-02
-6.900940490250034864e-02 2.715619859288717283e-02
7.259901311653807476e-02 2.665472515067276657e-02
-7.641059938233074611e-02 2.043844881289415619e-02
-1.333899275576796994e-02 2.483305354924746078e-02
-4.296423458355277947e-02 2.593899190163054258e-02
5.980107629986131101e-02 2.250473482073307718e-02
-5.902616915045824642e-02 1.803506443138720022e-02
9.166159112366831230e-02 2.746151024547525965e-02
-7.795241522651844002e-02 3.051446552450129759e-02
1.039897031216402423e-01 2.183907217491358119e-02
-5.920213278955610559e-02 2.445730367791061621e-02
1.080828199420324764e-01 2.186569636501647582e-02
-7.028420188312181627e-02 2.274105169318676664e-02
6.148238071192763110e-02 2.197928986509733659e-02
-1.170138836004975258e-01 1.668524230017247659e-02
-2.908526626747707788e-01 1.931401712082341654e-02
2.769537890599183538e-01 1.778246928150121683e-02
-2.806005113869357581e-01 2.237960823960449819e-02
3.198209703321632236e-01 1.102326724930822836e-02
-2.999970578192078241e-01 1.348797076276256855e-02
2.794628067020969442e-01 1.723369124135388716e-02
-2.828614922589799408e-01 2.026583844177372654e-02
2.748687635408801899e-01 2.740974247582861692e-02
