3.533111523378393293e-01 8.564147548871530943e-03
-3.724683158020377638e-01 9.529247213834900546e-03
3.627582679944458821e-01 9.439345032935251775e-03
-3.609783719729701135e-01 1.232591062022307497e-02
3.643176195436884646e-01 1.183252018909772794e-02
-3.315927010977783862e-01 1.539582876143065319e-02
3.306954874503240660e-01 1.560083847112250961e-02
-3.494435751570560411e-01 1.217239481281738589e-02
-2.328442529943309802e-01 1.681827053811733169e-02
2.335385795839366452e-01 1.091017839293456117e-02
-2.213430305591783109e-01 1.700036242460993899e-02
2.262580567593201475e-01 1.917829923979988069e-02
-2.559641204793906555e-01 1.109327549927448427e-02
2.402843600727447848e-01 1.297105836875131306e-02
-2.466245378750029360e-01 1.444253733480728961e-02
2.281572667944997690e-01 1.289809938685102485e-02
1.496264586651941675e-01 1.478118059105128744e-02
-1.663120048593982048e-01 1.525656150071926127e-02
1.673564170226058134e-01 1.866838105545613399e-02
-1.828485248902842475e-01 1.668479340165294686e-02
1.683046612333535808e-01 1.297341813045148513e-02
-1.625797263059362563e-01 2.001331262382301246e-02
1.438140490115323855e-01 1.764561034325027103e-02
-1.707404537190580773e-01 1.909850400493425318e-02
-1.169686869738132129e-01 1.581277887662711421e-02
1.078539752765044768e-01 1.633098253785997614e-02
-1.121996199872367650e-01 2.191397307746617562e-02
1.055934737375414378e-01 1.459878267103786181e-02
-1.298124378203519003e-01 1.897165744500267648e-02
1.072864567450661499e-01 2.042365114170127324e-02
-9.965745982510568202e-02 1.606903884938474386e-02
9.702217889482658841e-02 1.923539798756926725e-02
1.412327949249314041e-01 1.306544134875223251e-02
-1.330513120806678662e-01 1.811914574949583315e-02
1.295035865363423078e-01 2.435611050867130326e-02
-1.253652433812055544e-01 1.286096834976895205e-02
1.335634096303244533e-01 1.518142186633807122e-02
-1.201968034962113407e-01 1.622136073124920072e-02
1.148534163230776617e-01 1.748495086874782972e-02
-1.150147396079808648e-01 2.239234129624568040e-02
-1.479489085943772597e-01 1.380771783863452007e-02
1.486947845825099535e-01 1.131045159915821004e-02
-1.357531075552962652e-01 1.782417728688336089e-02
1.479935215255808179e-01 1.349421048442796429e-02
-1.160030633472502459e-01 1.684865504631477898e-02
1.293809533745856610e-01 1.728657373727418914e-02
-1.037634452689469855e-01 1.737415530253605053e-02
1.257765555992176598e-01 1.287712679470865394e-02
1.127213537204425076e-01 1.818592594619123509e-02
-1.019325855085094490e-01 1.930586577633571291e-02
1.014586650102151655e-01 1.669490699801190123e-02
-1.499196751884442069e-01 1.546639475657279016e-02
1.293885492391060321e-01 1.460959913478475890e-02
-8.633832498217264284e-02 2.259174695243689954e-02
1.237374069841223612e-01 1.598304852933883288e-02
-7.804849996580937033e-02 1.481980889036072814e-02
-9.826035286121748147e-02 2.517714173819085577e-02
8.665754289298280288e-02 2.192379826074337609e-02
-9.408490466661112439e-02 2.168569464427537799e-02
1.482287909963595496e-01 1.492796534747665819e-02
-1.445531344387837314e-01 1.109631963589455261e-02
1.163001583485386292e-01 2.263345621676668418e-02
-1.305788695177196035e-01 1.965180757048083302e-02
7.303268622754130468e-02 1.362019228358734256e-02
1.212493956292654829e-01 1.563698654846857120e-02
-1.189511445484587315e-01 9.683472668104551109e-03
1.243844487406474686e-01 1.702449667176328049e-02
-1.207758495661243325e-01 2.117769328142846477e-02
1.146798010361286813e-01 1.328201334819084124e-02
-1.217826255036179861e-01 1.767110858095663831e-02
1.309150065922574935e-01 1.901065058562594404e-02
-8.202882364262126247e-02 1.586263446393027313e-02
-8.988596446003066509e-02 1.599312439347824397e-02
1.470235719707895239e-01 1.708074476630464314e-02
-1.178889329428046417e-01 1.894921944514874751e-02
1.212346870005188704e-01 2.280916141085407092e-02
-9.721481759555142266e-02 1.842167178605500985e-02
1.388721370659243282e-01 1.378365254908524469e-02
-8.488860355763658272e-02 1.295663338420405090e-02
8.560745877880981958e-02 1.372521903223471347e-02
1.005740251797153928e-01 1.890525579558698446e-02
-8.852103485540444017e-02 1.953123173827510731e-02
1.185090540483955401e-01 1.731436240889878964e-02
-1.084208431181963583e-01 1.556667150338240761e-02
1.207073912700594998e-01 1.853691110756874524e-02
-8.051852525434580188e-02 1.580563296704267859e-02
7.176674676537378450e-02 1.517433653459356740e-02
-6.340337747629229415e-02 1.397983760591055107e-02
-1.039572747205583236e-01 1.381095404657181613e-02
1.125009831398839366e-01 1.300232891983190385e-02
-9.998860038180465426e-02 1.429603977173127434e-02
6.985579309830994288e-02 1.589971902991808850e-02
-1.160072491361170133e-01 1.508292986420844278e-02
1.166582218232479484e-01 1.496864341802768734e-02
-1.104505541623232445e-01 1.538051153806108649e-02
1.064264908586455838e-01 1.780685180256374317e-02
9.589687924192680235e-02 1.896042125370513490e-02
-7.197942785062474980e-02 2.184849632974927847e-02
7.482292712817453784e-02 1.809208323142107860e-02
-1.131708558772273054e-01 1.498820180763942717e-02
1.336749597735622519e-01 1.142297057970009973e-02
-9.860696222132120381e-02 1.709186880610824230e-02
1.226474307930078833e-01 2.032070084184883774e-02
-1.272966811582561253e-01 1.640900992745318587e-02
-8.184177970515532641e-02 2.076202153989274712e-02
1.171433188907313738e-01 1.658647463197142694e-02
-1.055386408808058618e-01 1.328936417268105318e-02
1.259117415601753442e-01 1.912400826780078292e-02
-9.917104520386760269e-02 1.504940958806810260e-02
9.522462342607476704e-02 1.416110818259582078e-02
-9.209987565386992814e-02 1.539802100074653089e-02
9.473992178318302315e-02 2.237192923157833510e-02
8.159122027473098004e-02 1.644468868287992866e-02
-8.744383497262617211e-02 1.873980853007423120e-02
1.051652388032608965e-01 1.685506989416739321e-02
-1.355846925115587742e-01 1.919174078345971604e-02
9.553572911362781528e-02 1.054550687683605131e-02
-1.083102377134479988e-01 1.988111249632197944e-02
6.845920020793416771e-02 1.095287051913412975e-02
-1.166239501057956263e-01 1.710333161289286433e-02
-1.268446930611800139e-01 1.455612632197338628e-02
1.067627212151674720e-01 1.281502211973188123e-02
-1.029886054981486443e-01 1.985027488338656637e-02
1.004138548290043065e-01 2.024379496791756800e-02
-1.045715704473477725e-01 1.596505291378551641e-02
1.119136654609645953e-01 1.998730584761790677e-02
-1.328635906262939648e-01 2.063216520998111328e-02
1.226090450478602434e-01 1.728138425517720955e-02
1.179275576905231548e-01 1.760354274837699906e-02
-1.217723989932716355e-01 1.655141838028122495e-02
1.413427190906221265e-01 9.377975538158426008e-03
-9.536460325586190723e-02 1.376030984086582670e-02
1.383787693189599266e-01 1.550463501551138656e-02
-1.255031191487085418e-01 1.553308719450969579e-02
1.372311752777016225e-01 1.514746803635515053e-02
-1.378775687586986654e-01 1.954414426306031946e-02
-1.343579884432331839e-01 1.207153006933103095e-02
1.270604329087017259e-01 1.682005843842286283e-02
-9.771540555681532125e-02 1.214754165313913607e-02
1.015812553703190901e-01 1.364269951225603045e-02
-1.269693558006844969e-01 1.881387324008505085e-02
1.259668742549526765e-01 1.370406413106516237e-02
-1.017541876920239063e-01 1.990921925431024878e-02
1.166293221474579977e-01 1.271507119807907364e-02
1.446373930897932036e-01 1.679065833442807201e-02
-1.376436208756011415e-01 1.866931920261806141e-02
1.338003495994145864e-01 1.558572173477754119e-02
-1.285180105753669644e-01 1.063530598100543428e-02
9.730610855887350530e-02 1.532880338007417721e-02
-1.274154542589948369e-01 1.136129879437338015e-02
1.088317711963498469e-01 2.035034975384989939e-02
-1.414155573709378888e-01 1.466032412914648753e-02
-1.271026433348684537e-01 1.344118444756683788e-02
1.349285740783510990e-01 1.738676928531620799e-02
-1.571526662733103430e-01 1.436738775836663047e-02
1.229016630425059098e-01 1.310794591154759194e-02
-1.145738391368113507e-01 1.608006038151298459e-02
1.237175814269324547e-01 1.208965226633320483e-02
-1.166356325965049734e-01 2.117777018769245734e-02
8.824160433157715588e-02 1.779840351369004273e-02
1.221934092759918711e-01 1.440506055105437999e-02
-1.214581470214723957e-01 1.786476403989962006e-02
1.228228048615798151e-01 1.891980459920358099e-02
-1.657786812025301426e-01 1.237739700360103966e-02
1.091512893290689512e-01 1.133942322847379496e-02
-1.222358837918313401e-01 1.294560997884683547e-02
9.552754216563427714e-02 1.955685510361356017e-02
-9.110199184828704499e-02 2.421265877275322054e-02
-1.430741158891052633e-01 1.387722501537338310e-02
1.184005650737495197e-01 1.460876971472702818e-02
-1.205282777496131941e-01 1.882982030236607721e-02
9.985733330179699663e-02 1.496997150630938710e-02
-1.019395682501673395e-01 1.264064328044173409e-02
1.285540422742886268e-01 1.331064267714016612e-02
-1.480670866844232825e-01 2.422269337584844265e-02
1.185920885168464667e-01 2.013303986132621362e-02
1.362138057057945550e-01 1.347018164514364978e-02
-1.108233401125312267e-01 2.694396180693242951e-02
1.515468351069442221e-01 1.244280695908597800e-02
-1.325579859568800922e-01 1.713109853647469191e-02
1.256481201404471837e-01 1.498374855351436614e-02
-1.107810947727542739e-01 1.615270322426405961e-02
1.275652876599814300e-01 1.811092328384594774e-02
-1.377103403856048958e-01 1.225153774841435811e-02
-1.156351557120537110e-01 1.280867057980003554e-02
1.441421820055210079e-01 1.696730432894761123e-02
-1.354160726280065341e-01 1.509291232977336139e-02
1.248756347887504392e-01 2.334269206770312258e-02
-1.497969527195341100e-01 1.971972822866239691e-02
1.185254116516723522e-01 1.789826057996330572e-02
-1.018092121264123906e-01 1.323516764261490654e-02
1.267006452537510486e-01 1.491064978985547074e-02
1.306842051555167361e-01 1.091523733766056915e-02
-1.356848257387834045e-01 1.659631772509169434e-02
9.397463700665434350e-02 1.547963714018844861e-02
-1.487429229369659212e-01 1.660650121190496500e-02
1.258104875036810122e-01 1.897547820914537511e-02
-1.014169488609014402e-01 1.822740814587238065e-02
1.259738233413866537e-01 1.605318788969979302e-02
-1.221119742541169062e-01 9.728672037245207627e-03
-1.691794946939739752e-01 1.637045284135502446e-02
1.281733041699657238e-01 1.766086311545473145e-02
-1.496351766743738154e-01 1.284593823409550112e-02
1.489720316050969495e-01 1.793651231083836714e-02
-1.294794965558918598e-01 2.078835892655507903e-02
1.273077823626904415e-01 9.137517668166792242e-03
-1.523341357268166441e-01 2.067521905266077667e-02
1.911178635793047142e-01 1.491518013246957708e-02
2.201640858161652559e-01 1.839388427728489914e-02
-2.453509688827386626e-01 1.286871903555506826e-02
2.468581587021188573e-01 8.387935286055699102e-03
-2.251531318384965563e-01 2.525872324836711882e-02
2.156041174170755248e-01 1.660145213011364126e-02
-2.250532764821578102e-01 1.092107100535530916e-02
2.215535639470739837e-01 1.573948010834807024e-02
-2.119620262343675510e-01 1.154576063850795177e-02
-3.376296826023704734e-01 1.408565491070444368e-02
3.664311912715151887e-01 7.720783062926082907e-03
-3.635868027375317446e-01 1.107545330423287920e-02
3.757840177577860818e-01 7.973771495491365977e-03
-3.379525966591501174e-01 1.441340197770463877e-02
3.288240621920728857e-01 1.320169572869409925e-02
-3.579523947217869151e-01 1.130208248314389964e-02
3.363094618032544392e-01 1.257690153911005145e-02
